46 0 //tailleensensemble NBregle
8 8  //dimension X Y

L 0 : 0 1 2 3 4 5 6 7
L 1 : 8 9 10 11 12 13 14 15
L 2 : 16 17 18 19 20 21 22 23
L 3 : 24 25 26 27 28 29 30 31
L 4 : 32 33 34 35 36 37 38 39
L 5 : 40 41 42 43 44 45 46 47
L 6 : 48 49 50 51 52 53 54 55
L 7 : 56 57 58 59 60 61 62 63
C 0 : 0 8 16 24 32 40 48 56
C 1 : 1 9 17 25 33 41 49 57
C 2 : 2 10 18 26 34 42 50 58
C 3 : 3 11 19 27 35 43 51 59
C 4 : 4 12 20 28 36 44 52 60
C 5 : 5 13 21 29 37 45 53 61
C 6 : 6 14 22 30 38 46 54 62
C 7 : 7 15 23 31 39 47 55 63
DA 0 : 0
DA 1 : 1 8
DA 2 : 2 9 16
DA 3 : 3 10 17 24
DA 4 : 4 11 18 25 32
DA 5 : 5 12 19 26 33 40
DA 6 : 6 13 20 27 34 41 48
DA 7 : 7 14 21 28 35 42 49 56
DA 8 : 15 22 29 36 43 50 57
DA 9 : 23 30 37 44 51 58
DA 10 : 31 38 45 52 59
DA 11 : 39 46 53 60
DA 12 : 47 54 61
DA 13 : 55 62
DA 14 : 63
DB 0 : 7
DB 1 : 6 15
DB 2 : 5 14 23
DB 3 : 4 13 22 31
DB 4 : 3 12 21 30 39
DB 5 : 2 11 20 29 38 47
DB 6 : 1 10 19 28 37 46 55
DB 7 : 0 9 18 27 36 45 54 63
DB 8 : 8 17 26 35 44 53 62
DB 9 : 16 25 34 43 52 61
DB 10 : 24 33 42 51 60
DB 11 : 32 41 50 59
DB 12 : 40 49 58
DB 13 : 48 57
DB 14 : 56

# D nom L C DA DB
! D 8

